general:
  area_height: 480
  area_width: 395
papers:
  - height: 304.79999999999995
    name: 9x12
    width: 228.6
  - height: 355.6
    name: 11x14
    width: 279.4
  - height: 431.79999999999995
    name: 11x17
    width: 279.4
  - height: 406.4
    name: 12x16
    width: 304.8
  - height: 431.8
    name: 14x17
    width: 355.6
  - height: 457.2
    name: 12x18
    width: 304.8
